26.204606
18.245177
10.484662
21.878203
9.627712
24.356917
11.015417
25.481311
26.808272
24.191901
10.167875
31.694925
25.515684
14.843273
31.214102
9.679619
23.436054
20.901340
21.926204
13.680376
17.446496
14.320570
28.191365
25.100624
9.375427
18.801094
19.776938
21.441481
20.131731
17.975434
17.695380
30.881826
18.891116
17.818510
11.157005
18.753666
21.555907
15.003369
12.197561
17.774733
24.316914
15.926677
25.811713
9.538401
33.476826
10.652456
23.645072
27.028823
14.098601
16.522561
22.442334
31.561762
24.606680
9.914502
26.024883
33.656303
23.802716
17.445793
12.685388
23.945261
24.334912
10.902393
19.187495
18.912852
17.133843
11.185355
24.119753
19.726175
35.969907
23.280157
12.810432
15.072901
24.781044
18.080072
20.480915
21.140374
13.366580
13.105764
41.048324
22.116545
25.323731
22.729716
18.815096
9.751375
11.223760
8.905209
15.248683
19.771275
11.635303
3.577632
17.588597
8.043422
7.573702
19.607766
2.595471
31.832854
22.171967
23.626013
20.189493
30.947993
