27.846483
20.935065
29.689280
21.196452
32.263456
14.310997
24.434266
21.498417
21.963157
23.096573
26.562377
16.978795
7.677491
20.801173
8.441448
15.159073
24.619590
21.422740
22.836069
13.139648
4.555366
21.770206
12.194110
28.880934
22.539799
19.817741
20.498050
32.274274
25.888377
4.284773
22.844641
24.534456
29.263240
7.142230
32.935215
22.591313
18.380541
16.840760
9.255246
23.593146
35.751086
17.046572
17.496165
23.310381
33.671168
35.224902
35.243162
29.925616
10.450423
30.824818
13.553705
8.260760
27.371928
14.415212
20.757644
32.835614
21.938294
32.320373
9.170914
16.471569
14.159849
41.640739
30.130572
17.793457
11.279805
24.159667
12.014202
10.331204
35.103836
4.978151
46.559245
13.652945
30.806556
34.739122
26.182078
6.879974
6.485747
22.174955
25.424997
9.133833
31.168214
20.009477
13.418893
16.593424
17.492471
15.530955
25.876794
28.587169
16.024927
24.748095
30.943470
27.338731
27.939628
15.146505
18.657470
5.176459
36.427955
18.038844
15.099812
28.544311
6.780524
25.558825
30.609499
13.273254
15.091846
33.343239
20.870589
26.361221
22.798126
18.816237
36.894094
32.013296
41.293802
25.748227
11.300526
19.812908
18.839205
13.078714
8.898500
21.850017
27.066122
15.708989
23.706075
34.597614
32.177293
6.982877
9.673845
14.452362
14.889819
15.473282
17.862238
16.873635
21.014860
15.696390
20.008280
18.754461
23.716592
18.731777
26.659320
41.949985
28.690613
8.679907
12.298642
22.089913
17.208201
36.984070
8.684108
11.705271
19.301520
16.087916
23.107032
18.079992
24.855616
11.704660
31.201948
10.654094
29.290621
32.144132
15.293393
16.391711
28.578597
12.451716
13.551869
25.653339
13.424310
37.965155
32.261006
10.296997
31.990309
11.206174
23.892853
3.988509
17.844009
9.908281
30.174621
16.479813
18.784267
22.540320
22.967234
22.304975
26.516137
17.074493
20.556669
20.998474
19.353593
28.967091
35.334372
18.484253
21.592323
24.016763
20.076217
15.846988
13.539784
10.717953
14.172993
28.093420
26.538898
10.450598
32.740736
13.584128
18.369767
24.850813
20.551886
34.463367
12.154120
15.758563
14.415747
15.465164
20.893960
26.588134
22.594427
9.237172
12.740775
38.225241
10.273361
18.785791
27.273027
14.706623
13.251656
15.323722
22.040003
22.691206
19.922624
14.017264
28.257550
7.595518
9.330066
21.719152
22.647799
30.799113
20.666252
39.162197
16.633490
24.183594
18.806289
11.678279
7.318763
19.046828
25.364772
20.359671
17.532056
31.552373
7.500237
11.276131
27.019442
5.644418
19.810599
28.233940
17.640792
20.264967
15.668632
14.383664
15.630704
29.699608
9.334813
21.638187
23.380230
33.577314
19.137022
15.101758
17.371526
14.872009
8.191176
16.862633
29.803973
29.926734
15.241407
30.402861
6.405902
14.099653
23.696007
26.306529
16.009995
40.261666
15.392136
12.514744
17.114778
19.271474
16.297900
20.187686
37.938651
6.951757
15.069175
22.843736
28.450921
27.397412
21.571317
23.602437
16.649601
12.182389
24.207763
26.473540
22.928927
22.776310
14.185560
28.367389
14.271355
20.278882
16.664863
17.418842
27.759791
20.497209
11.731106
14.507496
12.765426
22.671965
12.105402
26.114154
16.422143
16.504620
36.911536
11.896318
30.345230
23.758749
5.556400
16.778786
20.745393
15.617020
27.500829
7.152167
8.159637
19.494906
21.108819
19.532104
18.776026
34.472107
29.835034
33.184858
14.486669
17.634030
22.024583
5.794226
36.072339
10.295500
16.724234
20.823306
12.431804
43.752348
29.953921
14.757519
12.530500
20.272228
7.655375
31.011680
16.788061
17.957260
4.957707
9.373284
16.690143
18.815309
13.512490
28.897913
26.210612
9.238653
7.069585
25.860151
18.404347
12.029237
13.642977
13.904424
18.583297
23.147736
22.264964
18.843100
19.786867
14.554689
15.132183
17.773209
29.522741
33.777166
22.220640
6.636452
16.880798
23.984128
21.831356
33.417606
28.929764
17.164022
37.682180
23.438359
17.459940
18.510145
18.124991
22.620792
9.501671
17.880823
18.613320
26.486456
22.347211
16.939121
22.877885
8.177104
15.547865
31.275476
12.413016
22.010418
11.499289
5.634283
16.358919
14.009084
27.320083
12.032749
9.122631
20.732847
25.777526
10.137632
6.842513
11.278327
18.180336
21.431059
41.341702
14.680828
10.054588
16.153220
18.355517
14.190556
13.991551
8.648601
25.359015
21.979481
32.795465
39.712485
12.665346
23.389809
23.419876
24.276272
47.741665
28.141234
23.953247
6.560125
27.869928
19.663479
25.069120
40.612092
29.314917
8.360557
42.942626
6.545471
20.588892
29.596212
23.892129
29.747884
24.788050
17.625532
11.331670
11.798082
6.382772
3.987664
35.411099
51.965887
28.377244
8.516913
15.557276
27.228419
26.628180
16.504130
11.814368
35.179326
24.290443
16.432181
42.772082
18.104185
28.113374
21.809842
38.222147
43.453317
36.202368
21.000538
21.537977
7.969643
27.320794
16.146156
19.301560
18.485081
20.798167
11.894533
20.585568
28.612117
21.780290
30.355805
22.038191
21.098162
5.262983
24.253242
20.991369
28.123867
10.302180
22.368832
33.681478
22.872103
19.394366
13.796770
16.179971
18.451567
15.051127
16.528580
36.170245
12.717462
9.891978
26.566392
